0.000022658
0.000075037
0.000155015
0.000255571
0.000365489
0.000470744
0.000556431
0.000609009
0.000618564
0.000580780
0.000498324
0.000381393
0.000247276
0.000118883
0.000022346
-0.000016101
0.000026368
0.000165699
0.000407936
0.000747103
0.001164333
0.001628471
0.002098238
0.002525846
0.002861776
0.003060267
0.003084935
0.002913890
0.002543702
0.001991642
0.001295804
0.000512875
-0.000286391
-0.001023709
-0.001621243
-0.002010283
-0.002139710
-0.001983295
-0.001544945
-0.000861131
-0.000000001
0.000943007
0.001852869
0.002605456
0.003079890
0.003171619
0.002804898
0.001943280
0.000596897
-0.001174534
-0.003263591
-0.005522140
-0.007773111
-0.009826214
-0.011496317
-0.012622806
-0.013088051
-0.012833035
-0.011868370
-0.010279232
-0.008223259
-0.005921069
-0.003639757
-0.001670444
-0.000301566
0.000209854
-0.000333605
-0.002044799
-0.004932821
-0.008891746
-0.013698890
-0.019023366
-0.024444871
-0.029481661
-0.033625852
-0.036383398
-0.037315581
-0.036078598
-0.032457739
-0.026393132
-0.017994478
-0.007543125
0.004519168
0.017614361
0.031063620
0.044131681
0.056076765
0.066202253
0.073906109
0.078724109
0.080363452
0.078724109
0.073906109
0.066202253
0.056076765
0.044131681
0.031063620
0.017614361
0.004519168
-0.007543125
-0.017994478
-0.026393132
-0.032457739
-0.036078598
-0.037315581
-0.036383398
-0.033625852
-0.029481661
-0.024444871
-0.019023366
-0.013698890
-0.008891746
-0.004932821
-0.002044799
-0.000333605
0.000209854
-0.000301566
-0.001670444
-0.003639757
-0.005921069
-0.008223259
-0.010279232
-0.011868370
-0.012833035
-0.013088051
-0.012622806
-0.011496317
-0.009826214
-0.007773111
-0.005522140
-0.003263591
-0.001174534
0.000596897
0.001943280
0.002804898
0.003171619
0.003079890
0.002605456
0.001852869
0.000943007
-0.000000001
-0.000861131
-0.001544945
-0.001983295
-0.002139710
-0.002010283
-0.001621243
-0.001023709
-0.000286391
0.000512875
0.001295804
0.001991642
0.002543702
0.002913890
0.003084935
0.003060267
0.002861776
0.002525846
0.002098238
0.001628471
0.001164333
0.000747103
0.000407936
0.000165699
0.000026368
-0.000016101
0.000022346
0.000118883
0.000247276
0.000381393
0.000498324
0.000580780
0.000618564
0.000609009
0.000556431
0.000470744
0.000365489
0.000255571
0.000155015
0.000075037
0.000022658
