-0.000038672
-0.000055530
-0.000051805
-0.000033480
-0.000010604
0.000004092
-0.000002891
-0.000043589
-0.000126327
-0.000253765
-0.000421531
-0.000617691
-0.000823213
-0.001013452
-0.001160573
-0.001236699
-0.001217431
-0.001085354
-0.000833072
-0.000465349
-0.000000000
0.000532690
0.001092121
0.001630971
0.002099964
0.002453343
0.002654489
0.002681023
0.002528769
0.002214000
0.001773554
0.001262615
0.000750187
0.000312577
0.000025416
-0.000044989
0.000149889
0.000633520
0.001399097
0.002407131
0.003586365
0.004838190
0.006044379
0.007077599
0.007813797
0.008145313
0.007993381
0.007318673
0.006128585
0.004480299
0.002478914
0.000270487
-0.001969710
-0.004052895
-0.005795124
-0.007036637
-0.007660302
-0.007607243
-0.006887834
-0.005586641
-0.003860306
-0.001928077
-0.000055305
0.001468998
0.002358853
0.002360031
0.001278219
-0.000996041
-0.004468178
-0.009028366
-0.014449814
-0.020397361
-0.026446292
-0.032110356
-0.036877099
-0.040247891
-0.041779455
-0.041123472
-0.038060844
-0.032527436
-0.024628868
-0.014642624
-0.003006855
0.009703727
0.022813300
0.035589267
0.047292147
0.057227239
0.064794011
0.069529317
0.071141027
0.069529317
0.064794011
0.057227239
0.047292147
0.035589267
0.022813300
0.009703727
-0.003006855
-0.014642624
-0.024628868
-0.032527436
-0.038060844
-0.041123472
-0.041779455
-0.040247891
-0.036877099
-0.032110356
-0.026446292
-0.020397361
-0.014449814
-0.009028366
-0.004468178
-0.000996041
0.001278219
0.002360031
0.002358853
0.001468998
-0.000055305
-0.001928077
-0.003860306
-0.005586641
-0.006887834
-0.007607243
-0.007660302
-0.007036637
-0.005795124
-0.004052895
-0.001969710
0.000270487
0.002478914
0.004480299
0.006128585
0.007318673
0.007993381
0.008145313
0.007813797
0.007077599
0.006044379
0.004838190
0.003586365
0.002407131
0.001399097
0.000633520
0.000149889
-0.000044989
0.000025416
0.000312577
0.000750187
0.001262615
0.001773554
0.002214000
0.002528769
0.002681023
0.002654489
0.002453343
0.002099964
0.001630971
0.001092121
0.000532690
-0.000000000
-0.000465349
-0.000833072
-0.001085354
-0.001217431
-0.001236699
-0.001160573
-0.001013452
-0.000823213
-0.000617691
-0.000421531
-0.000253765
-0.000126327
-0.000043589
-0.000002891
0.000004092
-0.000010604
-0.000033480
-0.000051805
-0.000055530
-0.000038672
