           80.12           -7.51           14.05          -17.00            3.22            0.74
           57.38           -5.50           12.69          -10.39            0.10            0.25
           70.23          -11.35            4.58            4.19            8.10           -0.29
           52.73           -6.52            6.31           -0.01            7.03           -0.97
           38.85          -18.11            5.06           -0.17           12.76           -0.38
          103.24            2.90           26.77          -34.45            2.32            0.95
           81.61           14.07           19.82          -29.00            2.71            0.56
           80.16            5.49           19.45          -31.07            3.70            0.39
          122.68            5.38           25.88          -31.73            1.20            0.49
           78.08            6.20           18.16          -27.64            4.03            0.52
          107.07           11.43           21.16          -37.77           -3.05            0.19
           62.23           -4.42            9.36          -26.44           -0.60            0.15
           61.40           -9.76            7.79            4.39            2.08            0.22
           81.49           -6.30            9.22            6.19            3.91            0.29
           44.69           -3.15           13.17          -15.50           -0.37           -0.62
           60.79           -3.25           13.88          -18.38           -0.41           -1.12
          127.70          -16.88           20.66           -6.73            5.13           -0.43
          111.99            9.07           27.47          -25.97            1.64           -0.07
           32.28           -4.16            4.45           -4.04            2.84            0.79
           33.98           -3.20            5.55           -4.57            3.72            0.79
           41.16           -0.24            5.84           -5.50           -0.64            0.58
           24.16           -1.97            3.18           -2.20            0.20            0.31
           66.15           -3.62            9.79          -11.33            1.88            0.38
           22.02           -0.79            3.65           -3.87            1.14           -0.12
           31.82           -2.30            9.57           -7.36           -2.30           -0.18
           52.69            0.49           13.29           -8.86           -4.25            0.31
           59.84           -8.01           11.36           -0.57            2.57           -0.10
           47.69           -1.41           14.12          -23.87            8.60            1.01
          146.50           -5.32           29.45          -25.91            6.52            2.78
           75.90           -0.26            8.17           -5.85            4.49           -0.34
           36.92           -1.50            4.24            1.47           -0.36           -0.39
           70.78            6.38            7.47           -3.37            0.90           -0.79
           49.05           -3.59            9.03           -5.76            1.17            0.32
           90.79           -5.32           15.11          -10.02            3.04            0.62
          100.32            6.98           17.72          -26.80            0.81            0.48
          115.91            9.32           19.18          -26.91           -2.78            0.85
           88.41            4.21           21.06          -15.24            5.60            2.37
