           78.24          -17.87           12.52           -5.65           13.66            0.33
           31.89           -9.57            6.11           -3.01            7.90            0.01
           21.33           -9.41            5.97           -0.58           10.24           -0.83
           84.38          -16.03           23.18          -12.27           18.69           -2.08
          151.74          -23.53           33.08          -27.16           26.51            2.70
           48.92          -15.94           10.95           -4.19           11.30            1.70
          117.15          -18.10           22.60          -13.04           21.81            2.18
           56.41          -17.03           10.62           -2.77           14.34            1.15
           85.39          -26.80           15.65            0.23           19.29            1.30
           64.23          -19.59           12.24           -4.48           16.63            1.48
           88.49          -23.22           23.00          -20.86           21.81            1.74
           12.14           -6.08            1.65            7.70            6.32            0.26
           56.77          -23.98            5.73            8.41           15.59           -0.39
           52.01          -21.09            4.24            7.92           16.22           -0.45
            6.99            1.02            0.26           -1.34            5.17            0.30
           14.53           -8.53            2.46           -2.65            9.76            0.12
          114.36          -32.30           27.88          -34.78           30.89            0.63
           85.73          -15.51           20.88          -19.15           16.76            0.94
           31.58           -4.04            5.21           -5.44            6.12            0.27
           32.06           -3.41            6.23           -6.54            5.00            0.33
           50.88           -4.89            7.65           -4.98            6.72            0.33
           35.47           -3.07            5.87           -3.26            4.42            0.07
           32.85           -7.87            4.52            0.02            7.88           -0.50
           12.69           -2.42            1.81           -2.42            3.65            0.63
           12.92           -5.72            5.23           -0.64            4.18            0.07
           12.59           -7.33            5.78           -0.58            5.70            0.20
           26.67          -10.10            7.04           -0.17            6.42            0.27
           26.06           -6.80            5.86           -3.97            5.94            0.28
           54.17          -12.89           10.41           -5.32           14.02            0.60
           11.46           -2.11           -0.42           -1.97           10.84           -0.45
           10.96           -0.30            0.10           -1.49            6.31           -0.36
           19.38           -7.23            2.89           -3.70           12.58           -0.24
           13.68           -2.83            1.40           -0.49            4.05           -0.07
           18.03           -4.72            2.75           -0.81            5.90           -0.07
           66.24          -24.52           16.14           -6.43           15.63            1.12
           52.00          -22.82           12.47           -3.18           15.16            1.07
           73.45          -20.48           15.00          -15.81           16.94            1.75
