          -13.93           -4.54           -2.30            7.29           -1.85            0.41
           -5.30           -4.59           -0.53            5.28           -0.94            0.43
           -8.39           -8.62           -3.14            8.62            0.21            0.58
          -17.17          -10.51           -9.97           16.73            1.72            1.21
          -28.62          -12.54          -10.93           18.80            2.03           -0.05
          -10.39           -5.79           -1.86           11.28           -0.22            0.52
          -24.52           -2.93           -7.56           11.64           -0.80            0.40
          -15.25           -6.84           -4.43           10.42            0.75            0.53
          -22.01           -4.58           -5.62           12.37           -2.39           -0.46
          -20.03           -6.07           -5.62           11.60            0.14            0.27
          -34.37           -7.60          -12.37           19.00           -0.49            0.65
          -14.82           -3.13           -3.31           -3.05           -3.11           -0.27
          -17.37           -9.12           -3.91            8.02           -1.43            0.15
          -17.20           -8.73           -5.25            9.29            0.10            0.52
           -2.46           -5.14           -0.08           11.64           -0.30            0.49
            2.61           -7.65           -0.24            9.06            0.99            0.86
          -38.75           -8.91          -10.50           31.63           -3.89            1.10
          -10.03           -2.79           -4.98            7.86            0.47            0.69
            1.25           -2.53           -0.98            3.38            2.10            0.19
           -0.71           -2.33           -0.63            3.71            1.31            0.31
           -8.62           -1.88           -1.96            4.81           -1.84           -0.48
           -5.70           -2.46           -1.36            3.29            0.32           -0.17
           -2.84           -5.18           -0.49            4.65            0.16            0.40
           -3.73           -4.07           -0.94            3.44            0.46            0.41
            3.31           -3.68           -0.94            3.94           -0.18           -0.34
            4.96           -5.01           -0.51            3.52            1.25           -0.08
           -7.80           -8.28           -4.23            8.79            1.88           -0.14
           -8.10           -6.85           -4.56            8.75            0.96            0.51
          -20.10           -5.66           -7.32           15.39            0.46           -0.45
            1.41           -8.07           -0.50            7.35            0.57            1.10
           -0.61           -8.16           -0.39            6.16           -1.01            0.01
           -6.47           -7.26           -1.78            7.58           -2.56            0.08
            0.66           -7.36           -0.76            6.21            2.26            0.21
           -4.22           -7.68           -2.21            6.82            2.45            0.29
          -19.82           -7.37           -8.67           14.95           -0.86            0.58
          -11.41           -8.67           -5.94           11.85            1.38            0.93
          -23.10           -4.86           -8.09           11.86           -0.02           -0.10
