        96.671      -6.104      16.404     -20.087       3.239       0.877
        67.358      -4.296      14.247     -10.238      -0.148       0.313
        76.242     -10.745       5.138       4.488       8.701      -0.303
        69.275      -3.229       8.649      -0.908       6.211      -1.154
        43.297     -16.691       6.089      -0.393      13.303      -0.344
       114.917       3.999      29.270     -38.281       2.413       1.203
        89.099       6.694      21.460     -28.472       2.686       0.510
        96.465       7.738      21.999     -32.551       2.972       0.532
       150.823      10.192      31.224     -34.335      -0.606       0.715
        98.115       8.972      20.714     -29.411       3.755       0.726
       128.490      15.254      25.889     -43.234      -3.742       0.507
        83.504      -2.277      12.404     -26.426      -1.212       0.306
        72.893      -8.763      10.005       4.479       1.960       0.298
        97.704      -5.572      12.039       7.412       3.904       0.364
        41.612      -3.278      14.550     -16.803       0.371      -0.649
        58.038      -1.539      14.859     -20.627      -1.842      -1.336
       172.903     -13.081      29.390     -11.809       1.385      -1.211
       127.962      -5.449      32.334     -24.940       2.589      -0.010
        37.421      -4.152       5.295      -4.707       3.165       0.886
        39.240      -2.563       6.458      -5.320       3.936       0.845
        47.976       0.250       7.081      -6.922      -0.984       0.657
        29.270      -1.570       4.117      -3.117       0.009       0.384
        75.918      -2.790      11.262     -11.898       1.871       0.432
        27.153       0.466       4.477      -4.376       0.666      -0.160
        36.930      -0.818      11.641      -8.955      -2.580      -0.048
        57.670       2.311      15.032      -8.040      -6.233       0.332
        78.202      -6.358      14.650      -1.326       2.077      -0.043
        54.382      -0.431      16.241     -26.947       8.947       1.078
       173.234      -3.671      35.565     -29.654       6.025       3.535
        79.717      -1.579       8.779      -4.565       6.929      -0.047
        38.535      -1.821       4.704       2.765       0.108      -0.297
        78.999       6.927       8.973      -3.518       2.279      -0.716
        66.279      -2.105      11.899      -5.269      -0.594       0.339
       122.910      -3.183      20.178     -10.516       0.713       0.750
       116.773       8.794      20.781     -31.407       1.641       0.709
       133.970      10.957      22.131     -30.889      -2.585       1.100
      118.058      10.357      26.300     -21.663       3.240       2.884
