        92.942     -21.628      14.577      -2.485      14.259       0.259
        37.283     -11.544       7.129      -1.030       8.633       0.025
        21.180     -10.636       7.074       0.992      10.835      -1.068
        85.506     -26.045      27.436      -8.714      23.980      -2.163
       189.530     -26.901      40.352     -27.082      32.191       3.447
        55.487     -18.949      11.258      -1.330      12.224       1.601
       150.465     -29.178      28.109     -11.758      25.458       2.794
        77.077     -21.213      13.829       4.913      14.222       1.447
       115.118     -33.573      20.162      10.977      17.746       1.506
        93.183     -23.994      15.945       3.548      16.268       1.730
       104.153     -27.506      25.959     -18.196      21.949       2.071
        10.189      -6.445       1.446       9.014       6.101       0.153
        64.752     -25.399       6.725      12.180      16.436      -0.468
        58.641     -23.330       5.155      10.799      17.130      -0.515
         8.008       0.947       0.050      -1.451       5.006       0.187
         7.598     -10.270       1.798       0.127       9.484      -0.043
       138.669     -43.346      31.779     -34.047      40.706       0.406
        93.167     -22.275      21.834     -12.523      19.309       0.726
        33.556      -4.614       5.627      -5.236       7.501       0.257
        36.098      -3.806       6.949      -6.162       5.882       0.302
        58.857      -5.433       8.880      -5.930       6.954       0.363
        40.649      -3.290       6.814      -3.949       4.686       0.121
        33.913      -9.854       5.046       1.787       8.219      -0.665
         9.498      -1.842       1.676      -0.612       4.732       0.961
         7.138      -5.534       5.199      -0.845       4.392       0.019
         6.909      -7.197       6.806       0.286       5.266       0.139
        27.780     -10.983       7.269       0.306       6.700       0.382
        30.338      -6.828       6.649      -4.179       6.234       0.240
        59.847     -13.510      11.706      -3.551      13.910       0.677
        12.509      -2.052       0.247      -1.373      10.667      -0.457
        11.906      -0.050       0.620      -0.914       6.312      -0.288
        21.228      -8.704       3.874      -2.144      12.958      -0.167
        13.433      -1.721       1.300       0.342       4.592      -0.002
        16.406      -5.924       2.758       1.591       7.442       0.071
        88.694     -27.140      19.132      -3.141      15.317       1.386
        67.239     -25.499      14.819      -0.576      15.090       1.318
       88.612     -25.167      12.624      -9.080      15.542       1.807
