0.000000000000000000e+00
1.202358759731234850e+00
2.500000000000000000e+00
5.000000000000000000e+00
7.500000000000000000e+00
1.000000000000000000e+01
1.250000000000000000e+01
1.500000000000000000e+01
1.750000000000000000e+01
2.000000000000000000e+01
2.250000000000000000e+01
2.409164607668155966e+01
2.500000000000000000e+01
2.750000000000000000e+01
3.000000000000000000e+01
3.250000000000000000e+01
3.500000000000000000e+01
3.750000000000000000e+01
4.000000000000000000e+01
4.250000000000000000e+01
4.500000000000000000e+01
4.750000000000000000e+01
5.000000000000000000e+01
5.250000000000000000e+01
5.474304275649711116e+01
5.500000000000000000e+01
5.526801832582294338e+01
5.750000000000000000e+01
5.875023442947536267e+01
6.000000000000000000e+01
6.250000000000000000e+01
6.500000000000000000e+01
6.750000000000000000e+01
7.000000000000000000e+01
7.250000000000000000e+01
7.500000000000000000e+01
7.750000000000000000e+01
8.000000000000000000e+01
8.250000000000000000e+01
8.500000000000000000e+01
8.750000000000000000e+01
9.000000000000000000e+01
9.250000000000000000e+01
9.500000000000000000e+01
9.750000000000000000e+01
1.000000000000000000e+02
1.025000000000000000e+02
1.050000000000000000e+02
1.075000000000000000e+02
1.100000000000000000e+02
1.125000000000000000e+02
1.150000000000000000e+02
1.175000000000000000e+02
1.200000000000000000e+02
1.225000000000000000e+02
1.250000000000000000e+02
1.275000000000000000e+02
1.300000000000000000e+02
1.325000000000000000e+02
1.350000000000000000e+02
1.375000000000000000e+02
1.400000000000000000e+02
1.425000000000000000e+02
1.450000000000000000e+02
1.465421064856791702e+02
1.475000000000000000e+02
1.500000000000000000e+02
1.525000000000000000e+02
1.550000000000000000e+02
1.575000000000000000e+02
1.600000000000000000e+02
1.625000000000000000e+02
1.650000000000000000e+02
1.675000000000000000e+02
1.700000000000000000e+02
1.725000000000000000e+02
1.750000000000000000e+02
1.775000000000000000e+02
1.800000000000000000e+02
1.825000000000000000e+02
1.850000000000000000e+02
1.875000000000000000e+02
1.875209779280447435e+02
1.875000000000000000e+02
1.866128024864255792e+02
1.850000000000000000e+02
1.827558466409126368e+02
1.825000000000000000e+02
1.800000000000000000e+02
1.776567677146772724e+02
1.775000000000000000e+02
1.750000000000000000e+02
1.726641782430362468e+02
1.725000000000000000e+02
1.700000000000000000e+02
1.696859048900813889e+02
1.700000000000000000e+02
1.714188764821868745e+02
1.725000000000000000e+02
1.750000000000000000e+02
1.775000000000000000e+02
1.800000000000000000e+02
1.825000000000000000e+02
1.850000000000000000e+02
1.875000000000000000e+02
1.900000000000000000e+02
1.925000000000000000e+02
1.950000000000000000e+02
1.975000000000000000e+02
2.000000000000000000e+02
2.025000000000000000e+02
2.050000000000000000e+02
2.075000000000000000e+02
2.100000000000000000e+02
2.125000000000000000e+02
2.150000000000000000e+02
2.175000000000000000e+02
2.176903938775956817e+02
2.200000000000000000e+02
2.225000000000000000e+02
2.250000000000000000e+02
2.275000000000000000e+02
2.300000000000000000e+02
2.325000000000000000e+02
2.350000000000000000e+02
2.375000000000000000e+02
2.400000000000000000e+02
2.425000000000000000e+02
2.450000000000000000e+02
2.466170161512711161e+02
2.475000000000000000e+02
2.500000000000000000e+02
2.525000000000000000e+02
2.550000000000000000e+02
2.575000000000000000e+02
2.600000000000000000e+02
2.625000000000000000e+02
2.645163365682304288e+02
2.650000000000000000e+02
2.675000000000000000e+02
2.700000000000000000e+02
2.725000000000000000e+02
2.750000000000000000e+02
2.775000000000000000e+02
2.800000000000000000e+02
2.811569598270448296e+02
2.825000000000000000e+02
2.850000000000000000e+02
2.875000000000000000e+02
2.880069402873401714e+02
2.900000000000000000e+02
2.925000000000000000e+02
2.950000000000000000e+02
2.975000000000000000e+02
2.990231202873446819e+02
3.000000000000000000e+02
3.025000000000000000e+02
3.050000000000000000e+02
3.075000000000000000e+02
3.100000000000000000e+02
3.125000000000000000e+02
3.150000000000000000e+02
3.175000000000000000e+02
3.200000000000000000e+02
3.225000000000000000e+02
3.250000000000000000e+02
3.275000000000000000e+02
3.298705213958058948e+02
3.300000000000000000e+02
3.325000000000000000e+02
3.350000000000000000e+02
3.375000000000000000e+02
3.400000000000000000e+02
3.425000000000000000e+02
3.450000000000000000e+02
3.475000000000000000e+02
3.500000000000000000e+02
3.525000000000000000e+02
3.550000000000000000e+02
3.575000000000000000e+02
3.600000000000000000e+02
