1.986025906818202102e+01
2.000000000000000000e+01
2.009701783673772724e+01
2.040416000615651981e+01
2.054955811467154447e+01
2.080230704805966724e+01
2.108429511917613297e+01
2.134403352905899709e+01
2.154997208984958590e+01
2.194465799153343966e+01
2.223770278892072838e+01
2.250000000000000000e+01
2.260433513763692304e+01
2.290043161870631394e+01
2.322870186306197127e+01
2.356656348636681031e+01
2.374474606808932720e+01
2.436949379839469287e+01
2.446283057423888607e+01
2.452159725070647767e+01
2.461156603191544434e+01
2.474283407137463797e+01
2.474616236135624803e+01
2.488499247951678939e+01
2.500000000000000000e+01
2.501129809621711786e+01
2.500000000000000000e+01
2.489592757949308321e+01
2.500000000000000000e+01
2.508242761712963897e+01
2.517606842717046334e+01
2.523930082015014875e+01
2.519566730389420428e+01
2.518826398603285099e+01
2.524994471511596572e+01
2.530120807141884853e+01
2.538483131971030105e+01
2.559314403087980594e+01
2.585296001318504722e+01
2.607328019041668199e+01
2.634751866021399280e+01
2.634559023651019061e+01
2.610518625724944286e+01
2.572097503030155963e+01
2.578611902284783497e+01
2.571324923387667383e+01
2.548477104337790422e+01
2.531692949325994846e+01
2.531335360858789585e+01
2.526052336624672279e+01
2.521312649711472886e+01
2.523743727061857811e+01
2.534659588302495337e+01
2.540448016622305261e+01
2.545714043055988185e+01
2.558503785069719072e+01
2.574356222846560627e+01
2.591279438358502318e+01
2.608622595364185770e+01
2.627116290547209587e+01
2.647848083874131220e+01
2.674573115706766657e+01
2.705080719007162315e+01
2.731938621981836945e+01
2.750000000000000000e+01
2.756565105197720555e+01
2.774571143367249704e+01
2.792401893998550122e+01
2.811111014922200013e+01
2.831148338817079235e+01
2.851281537931672005e+01
2.869944193902644258e+01
2.886082236392628175e+01
2.899109213858344702e+01
2.906919322695818408e+01
2.911727334276552881e+01
2.912966379599937028e+01
2.907177535320264639e+01
2.889718263075366878e+01
2.859262618194573236e+01
2.813204953109655548e+01
2.750612024461165106e+01
2.750000000000000000e+01
2.745750492890039851e+01
2.500000000000000000e+01
2.399886019060601683e+01
2.250000000000000000e+01
2.234536696966224412e+01
2.104847102509509327e+01
2.000000000000000000e+01
1.990229363079320990e+01
1.855387893073654837e+01
1.750000000000000000e+01
1.732252607029835545e+01
1.523188566127551624e+01
1.500000000000000000e+01
1.431174567735363112e+01
1.250000000000000000e+01
1.208487789937227319e+01
1.145573200806676439e+01
1.100052604953834390e+01
1.067217909753877336e+01
1.051873306898688654e+01
1.042327635854732648e+01
1.037751161251652476e+01
1.038236024734609231e+01
1.041592195335698534e+01
1.052458532457496077e+01
1.066350940523076929e+01
1.086101543060811991e+01
1.106802793086506753e+01
1.127167834044380257e+01
1.147026918365929049e+01
1.168184841957132036e+01
1.194641892848535036e+01
1.222243256394234834e+01
1.247933939322625108e+01
1.250000000000000000e+01
1.268256052518900390e+01
1.291755000187844260e+01
1.317345268120014978e+01
1.344348988277339529e+01
1.371430794942480347e+01
1.395685439824464780e+01
1.417888125164395774e+01
1.437036667204294815e+01
1.459451537599615278e+01
1.476049705282296287e+01
1.491122607316001236e+01
1.500000000000000000e+01
1.504157638165976252e+01
1.514528761178619121e+01
1.525632054341177124e+01
1.548032042867475511e+01
1.567531756037045199e+01
1.618265961621010973e+01
1.573636563167896796e+01
1.500000000000000000e+01
1.479245969724008702e+01
1.477090318701112537e+01
1.458825231374745712e+01
1.446188575461374271e+01
1.414311834532644951e+01
1.388447557942924604e+01
1.449990234002684986e+01
1.500000000000000000e+01
1.575350947281338065e+01
1.683825707587893206e+01
1.747464985881720878e+01
1.750000000000000000e+01
1.758742271904822729e+01
1.815010287760036789e+01
1.822252874689671032e+01
1.786026333972624869e+01
1.750000000000000000e+01
1.723553197789316016e+01
1.672534301699839077e+01
1.648619240882763037e+01
1.627795951944261788e+01
1.619950102192695951e+01
1.616697736849962297e+01
1.607489969559567911e+01
1.610426771519227884e+01
1.619034795149785566e+01
1.641090057830893301e+01
1.674341718306047255e+01
1.713078923581528912e+01
1.750000000000000000e+01
1.751313394714490101e+01
1.777431270453679701e+01
1.790517239120057269e+01
1.806890768240830170e+01
1.820384481255693032e+01
1.837668498113607285e+01
1.862397596026533364e+01
1.885631930252694488e+01
1.900672163003863346e+01
1.923168501835696276e+01
1.941741010362622788e+01
1.963937616453407742e+01
1.986025906818202102e+01
